              MAX_THREAD  GPU_TIME_KERNEL_V1  GPU_TIME_KERNEL_V2  GPU_TIME_KERNEL_V3      GPU_TIME_TOTAL
                  32             482.106             20.2834             18.6369             454.086
                  36             482.213             19.6708             16.9382             467.463
                  40             482.218              18.728              15.323             466.588
                  44             482.249             17.5371             13.9728             465.851
                  48             482.184             16.8986             12.7998             465.656
                  52             482.213              16.296             11.8779             464.762
                  56             482.127             15.8641             11.1396               464.3
                  60              482.14             15.2075             10.4521             463.825
                  64             482.173             14.8865             10.7419             463.946
                  68             482.245             12.4331             12.9973             463.797
                  72             482.163             12.0671             12.5586             463.699
                  76             482.204             11.6245             11.7082             463.406
                  80             482.188             11.2535             11.0682             462.715
                  84             482.178             11.3215             10.6649             462.492
                  88             482.339             11.0932             10.2184             462.513
                  92             482.256             10.8372             9.79456             462.115
                  96              482.34             10.6056             9.36154             461.926
                 100             482.278             10.6838             11.7469             462.923
                 104             482.307              10.606             11.3266             462.663
                 108             482.367             10.5636             10.9247             462.671
                 112             482.247             10.2661             10.4941             462.056
                 116             482.289             10.3644             10.2388             462.019
                 120              482.42             10.2057             9.95862             462.118
                 124             482.219             10.1108             9.64144             462.006
                 128             482.206             9.86266             10.2488             461.994
                 132              482.24             11.1083             12.9748             463.353
                 136             482.223             10.4292             12.6156             463.168
                 140             482.189             10.4954             12.2611             462.781
                 144             482.194             9.85942             11.9092             462.459
                 148             482.258             10.3262             11.6301              462.54
                 152             482.534             9.95322             11.2994             462.608
                 156             482.371             9.91629             11.0191             462.498
                 160             482.344              9.5888             10.7148             462.125
                 164             484.118             12.9347             12.6793             464.675
                 168             483.994             12.8199             12.3969             464.461
                 172             483.214             12.6784             12.1123              464.23
                 176             483.497             12.5811             11.8193             464.111
                 180             482.991             12.4986             11.5864             463.865
                 184             483.605             12.4567             11.3573             463.862
                 188             483.445             12.3388             11.1103             463.704
                 192             484.201             12.2741             10.8545             464.017
                 196             482.953             10.1551             12.2236             463.106
                 200             483.283             9.90938              12.001             463.306
                 204              482.57             9.96144             11.7674             462.724
                 208              482.69             9.63494             11.5019             462.636
                 212             481.991             9.87786             11.3478              462.33
                 216             482.047             9.73235             11.1525             462.157
                 220             483.341             9.74013             10.9694             462.682
                 224             483.181             9.32749             10.7028             462.159
                 228             482.454             11.5825             11.9897             463.203
                 232             482.399             11.2496             11.8067             463.087
                 236             482.297             11.1676             11.6068             463.116
                 240             482.699             10.4156             11.3752             462.886
                 244             482.692             10.8929             11.2529             462.814
                 248             483.772             10.7138             11.0804              463.19
                 252             483.686             10.7486             10.9325             463.125
                 256             483.957             9.93629             11.8003             463.299
                 260             484.307             13.9808             13.4084              465.33
                 264              483.73             13.4976             13.2217             464.877
                 268             483.161             13.8456             13.0352             464.635
                 272             483.716              11.688               12.81             464.177
                 276             482.937             13.5675             12.6564             464.464
                 280             483.432             13.3087             12.4851             464.176
                 284             482.208             14.0764             12.3166               463.9
                 288              482.37             12.6685             12.1042             463.634
                 292             482.885              13.784             13.6543             464.961
                 296              482.85             15.3627             13.5483             465.221
                 300             484.152             14.5479             13.3771             465.489
                 304             483.602             17.8462             13.1587             466.281
                 308             483.343             13.4882             13.0482             464.936
                 312             483.895             14.2246              12.957             464.916
                 316             483.858             13.6602             12.7313              464.97
                 320             484.173              13.544             12.5226             464.951
                 324             483.926             22.5074             14.4088             468.436
                 328             483.937             20.6028              14.235             467.659
                 332             484.117             19.8129             14.0661             467.539
                 336             484.735             23.8789              13.861             469.159
                 340             484.487             19.1296             13.7519              467.37
                 344             484.485             22.3213             13.5975             468.229
                 348             484.278             19.0873             13.4499              467.13
                 352             484.395             23.0757             13.2429             468.298
                 356             484.036             16.1548             13.7741             465.925
                 360             483.914             16.0023             13.6324             465.927
                 364             484.741             14.2569             13.4854             465.617
                 368             484.091             14.7534             13.3047             465.424
                 372             484.317             13.9237             13.2099             465.308
                 376             483.925             13.9341             13.0731             465.022
                 380             484.492             14.5206             12.9396             465.366
                 384             484.295             13.9169              12.764             464.996
                 388             484.119             33.5393             15.0373             472.339
                 392             484.242             32.1512              14.902             471.697
                 396             484.217             33.3866             14.7278             472.233
                 400             484.145              33.614              14.525             472.121
                 404             484.166             34.2471             14.4058             472.487
                 408              484.26             34.9011             14.2559             472.596
                 412             484.371             36.0655             14.1164             473.078
                 416             484.539             36.3435              13.918             472.924
                 420             483.518             19.6652             14.4444             467.378
                 424             483.794             20.9725              14.318              467.83
                 428             483.901             22.4615             14.1878             468.145
                 432             483.657             25.7703             14.0015             469.191
                 436             483.648                31.8             13.9352             471.169
                 440             483.982             22.7244             13.8186             468.048
                 444             483.477             21.2765              13.703             467.693
                 448             482.787             20.7674              13.524             467.051
                 452             483.551             25.4944             14.0006             469.209
                 456             483.878             23.3275             13.8816             468.576
                 460             482.903              26.204             13.7637             469.095
                 464             483.352             24.3395             13.6175             468.718
                 468              483.03             24.0541             13.5358             468.161
                 472              483.59             27.3607             13.4235             469.404
                 476             483.273             31.7149             13.3123             470.809
                 480             483.321             25.0328             13.1683             468.729
                 484             483.678             24.7284             13.6216             468.786
                 488             483.795             24.5115             13.5158             468.819
                 492             483.083             24.6026             13.4123              468.34
                 496             483.413             24.4442             13.2699             468.542
                 500             483.419             24.6009             13.2043             468.323
                 504             483.694             24.4352             13.0995             468.486
                 508             483.654             24.5098             13.0039             468.523
                 512             483.573             24.2086             14.0574             468.577
                 516             483.197             47.2799             16.9853             477.209
                 520             482.957             47.0766             16.8951             477.088
                 524             483.477             47.0411             16.7537             477.138
                 528             482.998             46.8841             16.5909             476.839
                 532             483.527             46.2052             16.4802             476.838
                 536             483.798             46.8655             16.3535             477.091
                 540             484.176             46.7675             16.2018             477.166
                 544             483.354             46.5478             16.0105             476.793
                 548              483.63             40.3319             16.4563             474.901
                 552             483.424             39.6018             16.3394             474.525
                 556             483.444             45.6057             16.3958             476.571
                 560             483.386             44.6617             16.0559             476.063
                 564             483.187             39.3151             16.0042             474.252
                 568             483.439              43.946             15.8926             475.621
                 572             483.667             40.6244             15.7935             474.732
                 576              483.57             46.6443             15.6101             476.583
                 580             483.669             45.5868             16.0666             476.554
                 584             483.716             45.8801             15.9628             476.604
                 588             483.287             46.0869             15.8647             476.483
                 592             482.938             45.9515             15.7204             476.357
                 596             483.479             45.2686             15.6555             476.189
                 600             482.858             45.0709             15.5561             475.713
                 604             483.014             46.0852             15.4574             476.134
                 608             482.868             45.1339             15.3147             475.793
                 612             483.033             44.6384             15.6343             475.757
                 616             482.864             45.6407             15.5237             476.321
                 620             483.282             38.3023             15.4342             473.704
                 624             483.023             44.0444             15.2841             475.471
                 628             483.115             45.9646             15.2478             476.263
                 632             483.512             41.3225             15.1534             474.817
                 636                 483             42.9097             15.0716             475.052
                 640             483.431             43.9489             14.8981             475.209
                 644             482.804             45.8024             15.4965             476.201
                 648             482.839             45.6781              15.417             476.034
                 652              483.29             45.5606             15.3367             475.978
                 656             483.014             44.4227             15.1649             475.433
                 660             483.077             44.1044             15.1516             475.477
                 664             483.224             45.6721             15.0668             475.862
                 668             482.886             45.1555              14.987             475.549
                 672             482.743             43.6317             14.8147             474.996
                 676             483.221             68.4196             19.4017              485.05
                 680             482.919             68.2746             19.2762             484.688
                 684             482.868             68.1807             19.1861             484.781
                 688             482.644             68.0264             18.9978             484.675
                 692             482.564             68.3499             18.9707             484.583
                 696             482.144             68.2093             18.8479             484.168
                 700             482.624              68.034             18.7676             484.441
                 704             482.177             67.8562              18.558             483.928
                 708             482.885             68.1709              19.081             484.505
                 712             482.889             68.0412             18.9624             484.617
                 716             483.094             67.9616             18.8755             484.598
                 720             482.675             67.8239             18.6949             484.619
                 724             483.552              66.707             18.6746             484.222
                 728             482.923             67.8902             18.5724             484.449
                 732             483.044             67.7989             18.4955             484.399
                 736             483.854              67.665             18.3186             484.397
                 740             483.554             67.8603             18.5525             484.612
                 744             483.313             67.7642             18.4355             484.453
                 748             482.869             67.7048             18.3655             484.332
                 752               482.8             67.5596             18.1725              483.86
                 756             482.726             67.7141             18.1863             484.073
                 760             483.032             67.5927             18.0796             484.051
                 764             482.524             67.5244             18.0267             483.935
                 768             482.808             64.2651             17.7539             483.188
                 772             482.808             67.5764             18.4483             484.295
                 776              482.97              64.584             18.3809             483.314
                 780             482.754             66.2413             18.3088             483.574
                 784              482.95             67.2918             18.1324             484.052
                 788             482.933             67.4463             18.1029             484.113
                 792             483.069             67.3148             18.0236             484.188
                 796             483.088             64.1166             17.9259             483.081
                 800             482.965             67.1155              17.763             484.035
                 804             482.588             67.1084             17.9756               483.8
                 808              482.91             67.2076             17.8695             484.161
                 812             482.884              67.151              17.759             484.034
                 816             482.446             67.0252             17.5941             483.752
                 820              483.08             66.1111              17.563             483.563
                 824              483.39              67.106             17.4644             483.964
                 828             482.956             64.0598             17.3892              482.73
                 832             482.494             66.9236             17.2222             483.528
                 836              482.86             67.1004             17.7338             484.142
                 840             483.133             66.9699             17.6332             483.934
                 844             482.981              63.402             17.5767             482.746
                 848             483.132              66.723             17.4078             483.718
                 852             482.934             62.8346             17.4217             482.262
                 856             482.977             64.3007             17.3255              482.91
                 860             483.187             66.8065             17.2745             483.925
                 864             483.452             66.3296             17.0978             483.805
                 868             483.795             60.8219             17.2912             482.172
                 872             483.553             60.5495             17.2142             481.764
                 876             482.821             58.2059             17.1456              480.72
                 880             482.786             63.4695             16.9889             482.498
                 884              482.89             60.7791             17.0021             481.373
                 888             483.256             61.3912              16.919             481.928
                 892             483.241             63.4282             16.8659             482.553
                 896             483.142             66.3402              16.672             483.366
                 900             483.417             63.6459             17.2916             482.898
                 904             483.204             63.1775             17.2026             482.583
                 908             482.949             66.0923             17.1417             483.341
                 912             483.321             63.3071             17.0223              482.73
                 916             483.666             65.5953             16.9961             483.568
                 920             483.162             66.4923             16.9265             483.793
                 924             482.982             66.5475             16.8558              483.19
                 928             483.404             65.1009             16.7535             482.967
                 932             483.068             64.9856              16.878             482.927
                 936             483.525             66.0078             16.8078             483.538
                 940             483.178             65.2978             16.7374             482.962
                 944             483.299              61.047             16.6471             481.721
                 948             482.945             58.0313             16.6035             480.521
                 952             482.868              56.449             16.5333             480.023
                 956              483.17             55.6756             16.4716             479.787
                 960             483.126             61.9226             16.3657             481.767
                 964             483.218             66.4122             16.7746             483.568
                 968             483.446             66.3469             16.7022             483.637
                 972             482.927              66.299             16.6425             483.116
                 976               483.3             66.1911             16.5412             483.476
                 980             483.345             66.3549             16.5041             483.413
                 984             482.993             66.2768             16.4378             483.261
                 988             483.313             66.2413             16.3717             483.423
                 992             482.934              66.113             16.2829             483.101
                 996             483.286             66.2882             16.3828             483.329
                1000             483.437             66.1997             16.3181             483.326
                1004             483.261             66.1503              16.263             483.269
                1008             483.185             66.0427             16.1678              482.99
                1012             483.353             66.1945             16.1403             483.514
                1016             483.272             66.1089             16.0635             483.255
                1020             483.023             66.0698             16.0138             483.004
                1024             483.227             65.9396             17.2762             483.674
