         MAX_THREAD   GPU_TIME_KERNEL_V1  GPU_TIME_KERNEL_V2  GPU_TIME_KERNEL_V3      GPU_TIME_TOTAL
             32             478.755                   0                   0             728.735
             32                   0             19.7559                   0             306.371
             32                   0                   0             18.4475             305.131
             36             482.083                   0                   0             726.161
             36                   0             20.1698                   0             307.483
             36                   0                   0             18.5666             306.504
             40             495.792                   0                   0             744.497
             40                   0             20.7861                   0             310.018
             40                   0                   0             19.2244              308.71
             44             495.527                   0                   0             744.185
             44                   0             20.7949                   0             309.172
             44                   0                   0             19.2151             307.814
             48             498.218                   0                   0             749.299
             48                   0             20.9712                   0             309.858
             48                   0                   0              19.502             308.068
             52             496.447                   0                   0             748.233
             52                   0             20.6404                   0             309.541
             52                   0                   0             19.2808             308.196
             56             496.271                   0                   0             747.811
             56                   0             21.2937                   0             310.199
             56                   0                   0             19.5093             308.244
             60             496.075                   0                   0               743.3
             60                   0             21.2109                   0             309.382
             60                   0                   0             19.2781             307.505
             64             497.158                   0                   0              743.21
             64                   0              21.128                   0             310.275
             64                   0                   0             19.0029             308.097
             68             502.975                   0                   0             748.185
             68                   0              21.118                   0             310.077
             68                   0                   0             18.9889             307.527
             72             496.199                   0                   0             745.361
             72                   0             20.7603                   0             309.418
             72                   0                   0             19.1587             308.249
             76             496.356                   0                   0             742.433
             76                   0             21.1312                   0             310.224
             76                   0                   0             18.9828             308.159
             80              497.42                   0                   0             748.647
             80                   0             20.7877                   0             310.191
             80                   0                   0             19.0478              307.85
             84             495.033                   0                   0             745.329
             84                   0             20.8988                   0             309.171
             84                   0                   0             19.2572             307.956
             88             496.213                   0                   0             741.366
             88                   0             20.9749                   0             309.983
             88                   0                   0             18.9836             307.806
             92             495.638                   0                   0             741.557
             92                   0             20.9703                   0             310.309
             92                   0                   0             19.4336             308.091
             96             496.662                   0                   0             745.763
             96                   0             21.0045                   0               310.3
             96                   0                   0             19.2227             308.599
            100              496.37                   0                   0             742.971
            100                   0             20.8274                   0             310.491
            100                   0                   0              19.252             308.859
            104             496.259                   0                   0             741.833
            104                   0             21.0311                   0              309.74
            104                   0                   0             19.2601             308.354
            108             497.333                   0                   0              746.53
            108                   0              20.706                   0             309.566
            108                   0                   0             19.4433             308.005
            112             496.447                   0                   0             741.525
            112                   0             20.7044                   0             309.202
            112                   0                   0             19.5108             307.919
            116             496.167                   0                   0             748.268
            116                   0             20.6433                   0             309.975
            116                   0                   0             19.2138             308.441
            120             496.436                   0                   0             748.171
            120                   0             21.0811                   0             310.641
            120                   0                   0             19.1977             308.447
            124             495.858                   0                   0             744.549
            124                   0             20.7798                   0             310.036
            124                   0                   0             18.9753             308.502
            128             497.888                   0                   0             749.325
            128                   0              20.744                   0             309.635
            128                   0                   0             19.2127             307.854
            132             496.297                   0                   0             744.719
            132                   0             20.7482                   0             309.638
            132                   0                   0             19.1534             307.951
            136             495.965                   0                   0             741.919
            136                   0             20.6253                   0             309.088
            136                   0                   0             18.9455             308.001
            140             496.221                   0                   0             744.794
            140                   0              20.859                   0             309.537
            140                   0                   0              18.874             307.735
            144             495.883                   0                   0             747.706
            144                   0             20.6404                   0             309.624
            144                   0                   0             19.1577             308.029
            148             496.545                   0                   0             741.832
            148                   0             21.0415                   0             309.917
            148                   0                   0             18.8406             307.385
            152             495.467                   0                   0             741.409
            152                   0             20.5958                   0             309.896
            152                   0                   0             18.9507             308.098
            156             495.724                   0                   0             744.516
            156                   0             20.5468                   0             309.519
            156                   0                   0             18.7911             307.463
            160             496.403                   0                   0             741.747
            160                   0             21.2512                   0             310.784
            160                   0                   0             19.1924             308.237
            164             498.336                   0                   0             744.212
            164                   0             21.3404                   0             310.159
            164                   0                   0             19.2082              308.26
            168             496.473                   0                   0             745.087
            168                   0             20.9793                   0             310.158
            168                   0                   0             18.9732             307.605
            172             496.525                   0                   0             748.526
            172                   0             20.6487                   0             309.493
            172                   0                   0             19.5206             308.734
            176             495.976                   0                   0             742.583
            176                   0             20.9419                   0             311.152
            176                   0                   0             19.3129             310.585
            180             496.488                   0                   0             746.424
            180                   0              20.903                   0             311.021
            180                   0                   0             19.2144             309.283
            184             496.035                   0                   0             745.897
            184                   0             20.7806                   0             310.896
            184                   0                   0             19.1684             309.209
            188             496.022                   0                   0             751.317
            188                   0             20.6775                   0             316.354
            188                   0                   0             18.9912             314.695
            192              497.05                   0                   0             754.554
            192                   0             20.7163                   0              315.89
            192                   0                   0              19.037             314.191
            196             496.863                   0                   0              753.45
            196                   0             20.9482                   0             317.094
            196                   0                   0              19.474             316.192
            200             496.146                   0                   0             748.435
            200                   0              20.823                   0             316.009
            200                   0                   0             19.2176             314.375
            204             496.515                   0                   0              747.61
            204                   0             20.8259                   0             315.388
            204                   0                   0             18.9885             313.339
            208             495.967                   0                   0             752.537
            208                   0             21.0644                   0             316.742
            208                   0                   0             19.5292              315.63
            212             496.185                   0                   0             747.847
            212                   0             20.7845                   0             315.653
            212                   0                   0             18.8314             313.544
            216             497.436                   0                   0             753.714
            216                   0             20.6988                   0             317.988
            216                   0                   0             19.2118             316.649
            220             496.561                   0                   0             754.339
            220                   0             20.6148                   0             315.624
            220                   0                   0             19.2784             314.172
            224             496.298                   0                   0             750.639
            224                   0              20.738                   0             315.953
            224                   0                   0             19.2277             314.385
            228             496.398                   0                   0             748.132
            228                   0             21.1656                   0             316.349
            228                   0                   0              19.192              314.18
            232             495.894                   0                   0             753.416
            232                   0             20.4457                   0              315.53
            232                   0                   0             19.5599             314.714
            236             496.379                   0                   0             752.111
            236                   0              20.622                   0             315.897
            236                   0                   0             19.1927             314.444
            240             496.386                   0                   0             751.174
            240                   0             20.7961                   0              315.59
            240                   0                   0             19.0668             314.165
            244             496.692                   0                   0             751.906
            244                   0             20.9523                   0             316.747
            244                   0                   0             19.2454             315.217
            248              496.09                   0                   0             748.026
            248                   0             20.7491                   0             315.911
            248                   0                   0             19.4633             314.296
            252             496.317                   0                   0             750.686
            252                   0             21.0748                   0              316.25
            252                   0                   0             19.1904             313.869
            256             496.258                   0                   0             748.647
            256                   0             20.8443                   0              316.14
            256                   0                   0              19.267               314.4
            260              496.05                   0                   0             744.201
            260                   0             21.0445                   0             312.071
            260                   0                   0             19.2548             310.397
            264             496.429                   0                   0             746.958
            264                   0              20.878                   0             310.872
            264                   0                   0             19.2064             309.115
            268             496.496                   0                   0             743.417
            268                   0              21.083                   0             311.616
            268                   0                   0             19.4309             309.416
            272             496.408                   0                   0             743.793
            272                   0             20.6234                   0             311.263
            272                   0                   0             18.8403             309.108
            276             496.255                   0                   0             742.911
            276                   0             20.5116                   0             310.302
            276                   0                   0             19.2446              309.55
            280             497.062                   0                   0             744.845
            280                   0             20.9601                   0             312.235
            280                   0                   0             19.1558             310.567
            284             496.089                   0                   0             749.478
            284                   0             20.6885                   0             311.155
            284                   0                   0             19.2268             309.756
            288             496.683                   0                   0             748.636
            288                   0             20.6562                   0             310.364
            288                   0                   0             19.1894             308.789
            292             495.994                   0                   0             749.131
            292                   0             20.8136                   0             311.503
            292                   0                   0             19.2659             309.888
            296             498.069                   0                   0             744.838
            296                   0             20.3651                   0             310.673
            296                   0                   0             19.4925             309.714
            300             497.166                   0                   0             747.913
            300                   0             20.7987                   0               312.1
            300                   0                   0             19.2564             310.184
            304             495.909                   0                   0             747.917
            304                   0             20.8308                   0             309.881
            304                   0                   0             18.9516             308.097
            308             496.232                   0                   0             752.043
            308                   0             20.0241                   0              310.24
            308                   0                   0             18.4471             308.881
            312                 497                   0                   0             748.745
            312                   0             21.0214                   0             310.878
            312                   0                   0             18.9724              308.31
            316             496.121                   0                   0              742.31
            316                   0             21.0438                   0             310.839
            316                   0                   0             19.2182              308.87
            320             496.714                   0                   0             744.361
            320                   0             20.8562                   0             311.456
            320                   0                   0             18.9303             309.467
            324             496.391                   0                   0             749.315
            324                   0             20.9116                   0             311.733
            324                   0                   0             18.7351             309.375
            328             496.658                   0                   0             743.731
            328                   0             20.6694                   0             310.763
            328                   0                   0             18.9821              308.97
            332             501.274                   0                   0             753.641
            332                   0             21.1951                   0             311.462
            332                   0                   0             19.1846             309.209
            336             496.283                   0                   0             743.761
            336                   0             21.0184                   0             310.964
            336                   0                   0             19.0629             309.567
            340             496.541                   0                   0             749.291
            340                   0             20.4305                   0             310.687
            340                   0                   0             19.0822              309.45
            344             496.402                   0                   0             758.377
            344                   0             20.7749                   0               310.3
            344                   0                   0             19.0001             308.668
            348             496.591                   0                   0             744.554
            348                   0             21.0271                   0             311.957
            348                   0                   0             19.4204             310.293
            352             498.614                   0                   0             750.749
            352                   0             20.8448                   0             310.937
            352                   0                   0             19.2585              309.46
            356             496.067                   0                   0             743.236
            356                   0             20.8688                   0             311.335
            356                   0                   0             19.1879              309.32
            360             496.938                   0                   0             749.629
            360                   0             21.1827                   0             311.594
            360                   0                   0             18.5984             309.172
            364             496.092                   0                   0             746.232
            364                   0             20.9766                   0             312.453
            364                   0                   0             19.2671             310.629
            368               496.4                   0                   0             743.889
            368                   0             20.8286                   0             311.914
            368                   0                   0             19.1541             310.046
            372             496.074                   0                   0             742.978
            372                   0             20.5804                   0             311.229
            372                   0                   0             18.9724             309.411
            376             495.161                   0                   0             747.786
            376                   0             21.1022                   0             311.257
            376                   0                   0             19.4794             309.581
            380             496.648                   0                   0             743.542
            380                   0              20.595                   0             310.984
            380                   0                   0              19.536             309.978
            384             496.316                   0                   0             743.302
            384                   0             20.9292                   0             311.267
            384                   0                   0             19.2206             309.604
            388             496.557                   0                   0             746.527
            388                   0              20.592                   0             310.583
            388                   0                   0             19.2501             309.478
            392             495.826                   0                   0              743.53
            392                   0             20.6243                   0              311.42
            392                   0                   0             18.9864             309.919
            396             496.453                   0                   0             746.832
            396                   0             21.0161                   0             311.964
            396                   0                   0             19.0582             309.769
            400             496.618                   0                   0             743.482
            400                   0             20.8593                   0             311.288
            400                   0                   0             19.2235             309.636
            404             496.822                   0                   0             744.668
            404                   0              20.813                   0             311.462
            404                   0                   0             19.2401             309.892
            408             494.346                   0                   0             740.195
            408                   0             20.5856                   0             309.586
            408                   0                   0             19.1586             308.169
            412             494.223                   0                   0             740.123
            412                   0             20.2145                   0             308.828
            412                   0                   0             19.1573             307.737
            416             496.592                   0                   0             744.359
            416                   0             21.3719                   0             309.888
            416                   0                   0             19.1816             307.236
            420             495.965                   0                   0             745.007
            420                   0             21.0668                   0             310.316
            420                   0                   0             18.8997             307.584
            424             496.526                   0                   0             746.777
            424                   0             20.5721                   0             308.854
            424                   0                   0             19.1252             307.318
            428             495.852                   0                   0             741.377
            428                   0             20.6384                   0              309.32
            428                   0                   0             19.3416              307.83
            432             495.928                   0                   0             743.404
            432                   0             20.5884                   0             310.995
            432                   0                   0             19.2547             309.673
            436             495.852                   0                   0             743.252
            436                   0             20.2572                   0             311.012
            436                   0                   0             19.0582             309.646
            440             496.131                   0                   0             754.511
            440                   0             20.8413                   0             311.572
            440                   0                   0             19.1938             309.938
            444              495.86                   0                   0             742.171
            444                   0             20.6646                   0             310.255
            444                   0                   0              19.575             309.375
            448             496.171                   0                   0             744.669
            448                   0             20.7998                   0             309.271
            448                   0                   0             19.2394             307.511
            452             496.066                   0                   0             744.189
            452                   0             21.2768                   0             309.638
            452                   0                   0             19.0171             307.399
            456             496.573                   0                   0             746.947
            456                   0             20.6337                   0             309.064
            456                   0                   0             19.1227             307.537
            460             496.497                   0                   0             747.566
            460                   0             20.4471                   0             311.648
            460                   0                   0             19.1265             309.983
            464             496.517                   0                   0             748.526
            464                   0             21.2989                   0             311.129
            464                   0                   0             19.0159             308.898
            468             496.239                   0                   0              743.52
            468                   0             20.7465                   0             311.268
            468                   0                   0             19.1588             309.384
            472             496.514                   0                   0             746.738
            472                   0             20.5548                   0             311.352
            472                   0                   0             19.2628             310.287
            476             495.922                   0                   0             747.507
            476                   0              20.654                   0             312.176
            476                   0                   0             19.2747             310.881
            480             496.435                   0                   0             743.716
            480                   0             20.7653                   0             311.538
            480                   0                   0             18.9305              309.86
            484              501.82                   0                   0             752.095
            484                   0              20.869                   0             311.062
            484                   0                   0             18.9284             309.226
            488             496.469                   0                   0             746.314
            488                   0             20.3446                   0              311.06
            488                   0                   0             19.1874             309.524
            492             495.993                   0                   0             743.912
            492                   0              20.931                   0             312.176
            492                   0                   0               19.17              310.25
            496             496.507                   0                   0             746.392
            496                   0             20.5531                   0             310.185
            496                   0                   0             19.2582              309.04
            500             493.951                   0                   0             745.368
            500                   0             20.6904                   0             310.402
            500                   0                   0             18.9548             308.338
            504             494.721                   0                   0             742.272
            504                   0             20.7957                   0             310.659
            504                   0                   0             18.9936             308.873
            508             493.772                   0                   0             739.669
            508                   0             20.7564                   0              309.88
            508                   0                   0             18.9531             307.986
            512             494.206                   0                   0             746.896
            512                   0             20.8057                   0             310.462
            512                   0                   0             19.1104             308.117
            516             494.501                   0                   0             743.148
            516                   0             20.7495                   0             309.335
            516                   0                   0             18.9304             307.641
            520             494.469                   0                   0             740.518
            520                   0             20.4622                   0             309.677
            520                   0                   0             19.3882             308.886
            524             497.359                   0                   0              743.13
            524                   0             20.4565                   0             309.553
            524                   0                   0             19.1037             308.215
            528             494.146                   0                   0             742.761
            528                   0             20.5337                   0              309.62
            528                   0                   0             18.9977             307.957
            532             494.244                   0                   0             741.331
            532                   0             20.9805                   0             310.968
            532                   0                   0             19.2457             309.081
            536             496.039                   0                   0             748.327
            536                   0             20.8787                   0             316.418
            536                   0                   0             19.1625             314.534
            540             496.017                   0                   0             749.545
            540                   0              20.707                   0             316.551
            540                   0                   0             19.0288             314.743
            544             497.082                   0                   0             751.416
            544                   0             20.6501                   0             318.208
            544                   0                   0             19.1829             316.698
            548             495.769                   0                   0             741.499
            548                   0             20.9259                   0             309.454
            548                   0                   0             19.2058             307.618
            552             496.438                   0                   0              747.59
            552                   0             20.8572                   0             309.588
            552                   0                   0              18.914             307.767
            556              497.34                   0                   0             742.811
            556                   0             20.6002                   0             309.451
            556                   0                   0             18.9194             307.544
            560             496.578                   0                   0             745.398
            560                   0             20.9063                   0             309.456
            560                   0                   0             19.2288             307.718
            564             495.767                   0                   0             744.128
            564                   0             21.3018                   0             310.015
            564                   0                   0             18.9503             307.945
            568             496.245                   0                   0             747.532
            568                   0             21.0464                   0             309.606
            568                   0                   0              18.954             307.178
            572             495.825                   0                   0             740.481
            572                   0             20.6578                   0             309.097
            572                   0                   0             19.1928             307.395
            576             496.063                   0                   0             746.878
            576                   0              21.215                   0             309.714
            576                   0                   0             18.9873             307.558
            580             496.384                   0                   0             742.026
            580                   0             20.8281                   0             310.106
            580                   0                   0             18.8637             307.802
            584             495.643                   0                   0             758.776
            584                   0             20.8441                   0             309.881
            584                   0                   0             18.9132             307.807
            588             496.674                   0                   0             744.876
            588                   0             20.9015                   0             309.171
            588                   0                   0             18.9379             307.312
            592             497.294                   0                   0             742.107
            592                   0             20.9391                   0             309.259
            592                   0                   0             18.8769             307.148
            596             496.634                   0                   0             745.118
            596                   0             20.9294                   0              309.96
            596                   0                   0             19.2677             308.435
            600             497.286                   0                   0             744.841
            600                   0             20.7984                   0             308.782
            600                   0                   0             19.2294             307.574
            604             496.507                   0                   0             747.742
            604                   0             20.9955                   0             309.479
            604                   0                   0             18.9291             307.641
            608             496.559                   0                   0             741.355
            608                   0              20.598                   0             308.841
            608                   0                   0             19.1951             307.058
            612             496.426                   0                   0             745.246
            612                   0             21.0327                   0             309.707
            612                   0                   0             19.2507             308.326
            616             496.828                   0                   0             742.295
            616                   0             20.7547                   0             309.327
            616                   0                   0             19.0631             307.604
            620              496.15                   0                   0             744.369
            620                   0             20.4695                   0             309.101
            620                   0                   0             18.9434              307.59
            624              496.16                   0                   0             745.074
            624                   0             20.8993                   0             309.642
            624                   0                   0              18.966             307.452
            628             496.657                   0                   0             747.623
            628                   0             20.8107                   0             309.538
            628                   0                   0             19.2036             307.696
            632             496.704                   0                   0             745.228
            632                   0             20.7407                   0             309.708
            632                   0                   0             19.2888             308.061
            636             496.214                   0                   0             746.842
            636                   0             21.0348                   0             309.723
            636                   0                   0             18.9531             307.661
            640             482.087                   0                   0             727.447
            640                   0             20.1519                   0              307.82
            640                   0                   0              18.493             306.427
            644             482.543                   0                   0             726.048
            644                   0              20.682                   0             307.043
            644                   0                   0             18.5321             304.696
            648             496.139                   0                   0             742.451
            648                   0             20.9415                   0             311.198
            648                   0                   0             18.7951             308.609
            652             496.213                   0                   0             750.023
            652                   0             20.6281                   0             311.795
            652                   0                   0             18.8657             309.971
            656             496.248                   0                   0             744.628
            656                   0             20.7328                   0             309.505
            656                   0                   0             18.8337             307.509
            660             497.433                   0                   0             743.927
            660                   0             20.6148                   0             309.944
            660                   0                   0             19.2347             308.567
            664             496.116                   0                   0             745.951
            664                   0             20.8163                   0             311.248
            664                   0                   0             18.9647             309.531
            668             496.363                   0                   0             742.517
            668                   0             20.6772                   0             310.135
            668                   0                   0             19.2441             308.504
            672             496.248                   0                   0             741.795
            672                   0             20.5942                   0             308.917
            672                   0                   0              18.929             307.305
            676             495.724                   0                   0             743.255
            676                   0             21.1443                   0             310.268
            676                   0                   0             18.9374             308.101
            680             496.591                   0                   0             744.641
            680                   0             21.1007                   0             309.198
            680                   0                   0             18.9393             306.973
            684             495.845                   0                   0              744.57
            684                   0             20.6017                   0             309.312
            684                   0                   0             19.1086             307.889
            688             495.536                   0                   0              746.59
            688                   0             21.1105                   0             310.265
            688                   0                   0             18.8672             308.039
            692             496.266                   0                   0             742.743
            692                   0             20.7225                   0             310.416
            692                   0                   0             19.0844             308.803
            696             495.813                   0                   0             745.373
            696                   0             20.9265                   0             310.952
            696                   0                   0             18.9394             308.902
            700             500.661                   0                   0             751.598
            700                   0             20.9104                   0             309.362
            700                   0                   0              18.979             307.248
            704              495.89                   0                   0             740.252
            704                   0             21.1244                   0             309.267
            704                   0                   0             19.1436             306.816
            708             498.173                   0                   0              749.51
            708                   0             20.9891                   0             308.959
            708                   0                   0             18.7762             307.056
            712             482.813                   0                   0             726.867
            712                   0             20.4741                   0             307.333
            712                   0                   0             18.5271             305.275
            716             482.076                   0                   0             725.354
            716                   0             20.5509                   0             307.093
            716                   0                   0             18.5088             304.526
            720             496.384                   0                   0             742.209
            720                   0             20.5924                   0             309.928
            720                   0                   0             19.1188              308.33
            724             496.077                   0                   0             747.686
            724                   0             20.4531                   0             309.189
            724                   0                   0             19.1567              308.36
            728              496.25                   0                   0             741.637
            728                   0             20.7202                   0             309.713
            728                   0                   0             19.1696             308.174
            732              495.93                   0                   0             745.614
            732                   0             20.6988                   0             310.448
            732                   0                   0             19.1988             308.821
            736             497.051                   0                   0             743.461
            736                   0             20.2274                   0             310.262
            736                   0                   0             18.7959             308.517
            740             495.412                   0                   0             742.516
            740                   0             20.8655                   0             310.228
            740                   0                   0             19.4493             309.209
            744             495.823                   0                   0             741.523
            744                   0             20.5588                   0             310.115
            744                   0                   0             19.2278             308.413
            748             495.832                   0                   0             744.068
            748                   0             20.5459                   0             308.539
            748                   0                   0             18.8929             306.868
            752              500.91                   0                   0             749.851
            752                   0             20.5418                   0             309.307
            752                   0                   0             19.4402              308.23
            756             496.041                   0                   0             745.145
            756                   0             21.1237                   0             310.394
            756                   0                   0             18.9532             308.139
            760             495.321                   0                   0             741.588
            760                   0              20.959                   0              310.27
            760                   0                   0             19.2336             308.532
            764             498.719                   0                   0             743.951
            764                   0             20.7989                   0             309.033
            764                   0                   0             19.2031              307.41
            768             496.052                   0                   0             742.841
            768                   0             21.1527                   0             311.196
            768                   0                   0             19.2416             308.765
            772             503.131                   0                   0             754.413
            772                   0             21.1055                   0             310.284
            772                   0                   0             18.9445             307.999
            776             496.021                   0                   0             746.668
            776                   0             20.6892                   0             309.149
            776                   0                   0             19.1425             307.479
            780             496.367                   0                   0             744.947
            780                   0             20.8233                   0             309.016
            780                   0                   0             19.1478              306.95
            784             495.664                   0                   0             743.554
            784                   0              20.813                   0             309.021
            784                   0                   0             19.0223               307.1
            788              495.57                   0                   0             744.423
            788                   0             20.5472                   0              308.94
            788                   0                   0             19.2076              307.87
            792             496.571                   0                   0             742.927
            792                   0             20.9385                   0             311.065
            792                   0                   0             19.2111              309.08
            796             496.618                   0                   0             741.734
            796                   0             20.6502                   0             308.929
            796                   0                   0             19.0185             307.206
            800             497.047                   0                   0             742.583
            800                   0             20.8775                   0             309.647
            800                   0                   0             19.2317             308.079
            804             495.188                   0                   0             747.098
            804                   0             20.9593                   0             310.075
            804                   0                   0             19.1605              308.03
            808             496.005                   0                   0              741.79
            808                   0             20.6744                   0             310.002
            808                   0                   0             18.9511             307.999
            812             496.321                   0                   0             741.726
            812                   0             20.9141                   0             310.248
            812                   0                   0             19.2007             308.362
            816             495.871                   0                   0             742.445
            816                   0             20.4949                   0              310.22
            816                   0                   0             19.1561             309.212
            820             495.883                   0                   0             740.614
            820                   0             21.1029                   0             309.533
            820                   0                   0             19.1089             307.217
            824             496.433                   0                   0              749.31
            824                   0             20.4884                   0             311.088
            824                   0                   0             18.7619               309.3
            828              497.12                   0                   0             742.313
            828                   0             20.8891                   0              309.74
            828                   0                   0             19.2517             308.043
            832             495.975                   0                   0             743.081
            832                   0             20.9703                   0             310.924
            832                   0                   0             19.2141             308.979
            836             496.495                   0                   0             745.701
            836                   0             20.8821                   0             310.492
            836                   0                   0             19.2691             308.671
            840             496.625                   0                   0             747.367
            840                   0             20.1879                   0             309.285
            840                   0                   0             19.1987             308.523
            844             496.356                   0                   0             743.332
            844                   0             21.0321                   0             310.745
            844                   0                   0             19.1817             308.745
            848             496.484                   0                   0              741.16
            848                   0             21.0023                   0             308.938
            848                   0                   0             19.1999             307.274
            852             495.914                   0                   0             746.395
            852                   0             21.0645                   0             309.848
            852                   0                   0             19.0081                 308
            856             496.422                   0                   0             747.846
            856                   0             20.8291                   0             309.931
            856                   0                   0             19.4447             308.154
            860             496.057                   0                   0             745.784
            860                   0             21.0377                   0             311.136
            860                   0                   0             18.8256             308.856
            864             482.812                   0                   0             727.379
            864                   0             20.5839                   0             308.077
            864                   0                   0             18.5816             305.872
            868             482.523                   0                   0             732.316
            868                   0             20.4766                   0             307.618
            868                   0                   0             18.5178             305.544
            872             495.525                   0                   0             743.036
            872                   0               20.99                   0             309.343
            872                   0                   0             19.2592             307.496
            876             495.861                   0                   0             742.246
            876                   0             21.0704                   0             310.337
            876                   0                   0             18.9787              308.53
            880              496.27                   0                   0             744.911
            880                   0             21.3974                   0             309.847
            880                   0                   0              19.058             307.485
            884             496.077                   0                   0             742.993
            884                   0             20.5986                   0             310.622
            884                   0                   0             18.8859             308.707
            888              497.37                   0                   0             749.065
            888                   0               20.84                   0             310.083
            888                   0                   0             19.2854             308.294
            892             482.741                   0                   0             726.076
            892                   0              20.234                   0              306.16
            892                   0                   0             18.6186             304.844
            896             482.663                   0                   0             731.496
            896                   0             20.4271                   0             306.126
            896                   0                   0             18.5409             303.892
            900             501.941                   0                   0             753.247
            900                   0             20.8644                   0             310.303
            900                   0                   0             19.2265             308.725
            904             496.588                   0                   0             743.306
            904                   0             20.9675                   0             311.314
            904                   0                   0             19.2366             309.541
            908             496.443                   0                   0             742.748
            908                   0             20.9618                   0             310.304
            908                   0                   0             19.2293             308.282
            912             496.189                   0                   0             743.257
            912                   0             20.8489                   0             309.067
            912                   0                   0             18.9492             307.092
            916             496.027                   0                   0              744.99
            916                   0             20.4359                   0             308.925
            916                   0                   0             19.2631             307.994
            920             495.281                   0                   0             746.519
            920                   0             21.0966                   0             309.818
            920                   0                   0             19.0167             307.238
            924             496.911                   0                   0             744.607
            924                   0             20.9351                   0             310.767
            924                   0                   0             19.2956             309.166
            928             496.419                   0                   0             748.405
            928                   0             20.5469                   0             310.287
            928                   0                   0             19.3515             309.293
            932             496.344                   0                   0             745.004
            932                   0             20.9062                   0             309.812
            932                   0                   0             19.2336             307.732
            936             501.067                   0                   0             752.641
            936                   0              21.144                   0             310.206
            936                   0                   0             19.1897             308.304
            940               496.2                   0                   0             747.745
            940                   0             20.3811                   0             310.156
            940                   0                   0             19.2375             309.048
            944             495.661                   0                   0             744.295
            944                   0             21.2576                   0             310.189
            944                   0                   0             18.8824             307.633
            948             496.104                   0                   0             742.846
            948                   0             20.9595                   0             310.945
            948                   0                   0             18.9942             308.967
            952             495.939                   0                   0             743.368
            952                   0              21.347                   0             311.465
            952                   0                   0             18.9098             309.066
            956              495.69                   0                   0             741.363
            956                   0             20.9674                   0             309.925
            956                   0                   0             19.2361             308.359
            960             496.645                   0                   0              749.18
            960                   0             20.9321                   0             309.432
            960                   0                   0              19.254             307.725
            964             496.154                   0                   0             754.773
            964                   0             20.6117                   0             308.839
            964                   0                   0             18.9283             306.991
            968             495.949                   0                   0             746.825
            968                   0             20.7108                   0             309.784
            968                   0                   0             19.3122             308.073
            972             495.106                   0                   0             744.317
            972                   0             21.0909                   0             310.117
            972                   0                   0             18.9677             308.042
            976             496.703                   0                   0             744.376
            976                   0              20.664                   0             309.361
            976                   0                   0             19.2022             307.383
            980             495.848                   0                   0             741.287
            980                   0             20.7278                   0              308.96
            980                   0                   0             19.2425             307.539
            984             482.596                   0                   0             727.913
            984                   0             20.9322                   0             311.616
            984                   0                   0             18.7391             309.702
            988             482.067                   0                   0             736.028
            988                   0             20.8008                   0              308.16
            988                   0                   0             18.7088             306.084
            992              496.28                   0                   0             743.791
            992                   0             20.8637                   0             308.864
            992                   0                   0             19.2193             307.237
            996             496.699                   0                   0             749.657
            996                   0             20.5816                   0              310.15
            996                   0                   0             19.3287             309.025
           1000             495.728                   0                   0             743.901
           1000                   0             21.1973                   0             309.631
           1000                   0                   0             19.0115             307.964
           1004             482.087                   0                   0             726.636
           1004                   0             20.0035                   0              307.48
           1004                   0                   0              18.585             306.455
           1008             482.824                   0                   0             729.548
           1008                   0             20.2724                   0             309.564
           1008                   0                   0             18.5308             307.306
           1012              482.52                   0                   0             726.609
           1012                   0             20.3182                   0             306.896
           1012                   0                   0             18.5201             305.327
           1016             497.135                   0                   0             754.329
           1016                   0             20.4357                   0             321.817
           1016                   0                   0             18.5379             320.663
           1020             482.201                   0                   0             733.415
           1020                   0             20.5731                   0             310.379
           1020                   0                   0             18.5882             307.639
           1024             486.919                   0                   0             734.636
           1024                   0             19.8946                   0              311.19
           1024                   0                   0             18.4716             309.193
